19020
41370
31
11549
52922
59224
15555
29141
76086
84060
38956
78978
55598
52748
56761
5054
49961
77062
19573
62044
22363
3911
57109
28810
27518
45955
36189
50344
77336
38262
82038
97534
46545
65206
7548
33566
52880
30080
80330
43256
649
23239
64639
13052
4881
79977
53741
95550
34465
52573
52673
86096
87018
67482
7570
39066
4649
19671
40202
61858
23342
19262
22085
54054
70273
29767
14918
65144
61506
90971
88365
96409
82577
2313
50811
9894
41451
44679
93986
63889
23966
46911
58684
49721
43266
21544
61279
13123
57997
51159
50882
68125
46912
97669
68439
88807
78276
19447
49708
63601
49426
44624
962
68710
58963
40725
33044
78388
49092
79909
33358
1050
61218
29316
11876
32611
20984
43047
26942
21858
26445
34364
95441
47160
68073
7216
35005
16978
44644
40261
5534
6127
27999
45053
55705
1528
41689
60357
52799
37491
42508
69364
75726
71261
96856
46312
25644
69849
67853
9174
45929
22091
21204
29370
48163
80136
92828
78
16353
51035
39372
39455
32954
81845
96429
58658
68100
30377
74429
9812
90237
61451
17161
37193
82043
20924
70873
37400
43788
1162
15380
38539
99499
94349
95058
83225
50723
46708
33642
84778
29698
20346
21297
78891
43363
7379
57897
3348
74046
91275
21441
83377
68858
68060
6814
58076
93461
20238
69703
24889
94808
65516
50138
1553
73130
87135
14902
61538
5994
41105
71462
82778
35206
26797
29208
89222
85227
23079
8279
23973
6835
25895
64594
75813
12762
19127
89516
94091
9078
53633
78817
27674
19894
67011
32012
21854
93796
21843
97869
74107
68566
64032
17199
1342
91025
4406
82095
82122
30275
65764
83243
847
77572
95347
82758
58982
91286
40145
43839
36837
34477
75429
56182
53079
21685
8021
3834
59026
47421
42879
52056
23430
42592
50002
26158
67935
25602
65122
5569
58967
1704
83029
47067
99913
26844
61822
8416
42682
16486
76488
98726
26917
64871
74048
59326
6960
79197
60283
38529
94617
15771
40587
42256
82724
41174
26538
47699
37453
42818
4524
87241
18235
90519
69148
98843
78378
62052
28347
43495
99566
77697
72353
78078
92127
16272
51547
75861
58137
64223
51328
79801
99281
79215
5544
52884
99583
77713
8112
86412
79365
18986
1021
83072
72653
10747
20718
36836
28501
35967
46721
2845
82275
18242
71110
90142
56911
26351
85475
73071
18013
50342
27783
74163
82178
75430
87217
86271
72904
58592
19103
60581
2965
3512
62439
40518
63208
42619
34376
64068
3204
83192
10580
8435
22285
29474
25343
73223
34061
9791
6243
70174
10339
98902
71956
55514
63430
82852
33130
62464
15292
14812
48875
33797
56335
84651
281
15383
71529
2764
81964
84311
75419
41697
47932
3784
73285
78421
13103
15725
40862
98588
19306
11463
11253
17910
45845
40022
28362
65805
77988
48160
45451
187
4245
87434
5694
95701
53873
723
21460
24679
38282
69995
51248
52058
61932
36805
45732
58571
47025
37495
40049
19560
75829
14096
3504
8728
64879
23703
23807
72757
6793
86653
57943
80744
36729
25276
33397
65484
88340
51134
62618
42673
27627
52369
79662
16277
11892
85142
82506
21191
5251
2167
34481
17838
27851
93414
43942
57619
85290
33393
42913
85953
12690
15214
23647
41036
83957
68204
61078
71890
45776
69533
8611
45102
33648
5604
85050
99620
3852
95075
97487
57847
44559
73152
55314
97111
57382
69471
37425
22814
83931
66680
99283
82197
13394
11909
58800
77608
26632
47195
7819
8559
91438
97273
19483
84268
60988
98624
64830
27409
2635
30227
73529
31804
81784
71918
27721
49796
79620
3962
85788
28943
3147
36600
81527
92027
27994
19757
85998
61702
1001
84132
82652
60019
66457
31262
44990
6350
89181
53172
93516
50750
97858
89601
67137
7574
23058
78789
28819
22654
31498
20692
16906
21524
53239
9916
19703
88719
3230
52301
59145
5956
1203
95258
75932
40612
3540
84303
30190
86459
32568
1157
97814
44348
48771
46712
26488
57035
22629
5205
97822
8709
818
83807
84763
35535
11277
62808
84543
40594
11808
91004
27994
67689
84970
27512
39916
77356
45209
20388
72761
54786
15556
23786
42059
41231
86334
98279
88347
67948
67349
36190
79109
6214
81372
75228
86836
25738
64226
48211
47265
48315
94577
27730
5569
62129
44707
58386
59675
29602
33986
41197
94037
11641
40679
69585
65612
85795
48739
92705
35668
16701
86785
41047
80208
65610
73351
63448
87003
49656
29456
1944
32095
23191
51120
17868
973
49
29302
61518
63312
58952
9651
91155
17760
35410
52132
38948
36178
43861
60949
56385
80679
44426
92924
20324
69217
94771
70727
20284
34200
68926
31445
86554
35642
28714
67734
52029
73501
40779
70573
97324
85068
69000
40059
1517
29646
36269
5080
45642
1654
76636
72146
62954
72303
62781
87076
87944
17844
34033
90348
53276
86752
9290
52779
17086
63370
26356
92484
15938
7577
80562
29640
67200
88930
36292
69755
65408
28757
30274
93956
78804
84137
19486
3425
94217
74037
53069
13840
61854
11058
20582
17260
88333
73435
35009
84813
12616
36106
41182
90638
57893
99904
93302
17084
42403
67755
95621
40358
95883
85438
31725
38708
73446
56077
88865
87451
11488
35386
75020
30992
32436
81369
78217
78129
68785
18939
87914
29016
4505
18056
54174
33796
44967
16598
91543
33907
27102
89299
41876
10670
8488
56690
1882
5483
94073
26806
55299
69972
78329
78742
85703
26719
44294
59342
95540
90798
71342
12758
28317
40801
90919
63488
66236
82558
53928
72278
1208
17161
45398
54213
20935
1922
38987
88219
44597
96190
34709
14708
76333
41629
57285
43815
42962
6122
94694
59321
65735
79547
95484
76899
78920
93656
70261
72355
14304
9313
20656
60561
50649
37953
72415
96990
99477
48834
76754
11061
59056
60773
2386
24887
295
15337
59277
23717
74904
32472
61943
25388
48717
85936
52117
922
87114
81216
27177
51912
38910
27146
16909
63117
91958
31621
56156
19677
29477
23664
83343
68090
25146
45548
4346
84857
6517
72830
57961
16861
46426
14763
25043
93486
48194
14269
1038
46100
15278
12980
14901
53229
37615
98897
43573
22230
16942
21380
72699
31452
3157
12792
53280
25185
37351
77259
70039
65649
31433
82660
29148
69514
36313
14960
77303
23575
31527
59196
57734
54876
64003
48402
82049
30025
2555
94749
24127
9187
2607
89516
46503
82779
87402
71951
28636
59624
95050
29474
91698
56578
55857
88479